0 0.065901 0.279661 0.035067 0.121065
0 0.107013 0.277240 0.035067 0.121065
0 0.183797 0.274818 0.035067 0.121065
0 0.229141 0.274818 0.035067 0.121065
0 0.304414 0.288136 0.047763 0.150121
0 0.352177 0.286925 0.047763 0.150121
0 0.434401 0.283293 0.047763 0.150121
0 0.077086 0.166465 0.029625 0.102906
0 0.321644 0.157990 0.022975 0.076271
0 0.482164 0.289346 0.047763 0.150121
0 0.558948 0.291768 0.047763 0.150121
0 0.609734 0.286925 0.047763 0.150121
0 0.451028 0.156780 0.020556 0.061743
0 0.579807 0.157990 0.020556 0.061743
0 0.675937 0.289952 0.051995 0.153753
0 0.732769 0.291162 0.051995 0.153753
0 0.695284 0.156780 0.020556 0.061743
0 0.845224 0.149516 0.020556 0.061743
0 0.819831 0.292373 0.051995 0.153753
0 0.883918 0.305085 0.055623 0.186441
0 0.965840 0.286320 0.058646 0.156174
