0 0.179506 0.257869 0.027616 0.145278
0 0.204942 0.255448 0.027616 0.145278
0 0.228198 0.254237 0.027616 0.145278
0 0.256541 0.251816 0.027616 0.145278
0 0.284157 0.249395 0.027616 0.145278
0 0.308866 0.246973 0.027616 0.145278
0 0.335756 0.244552 0.027616 0.145278
0 0.445494 0.251816 0.027616 0.145278
0 0.418605 0.256659 0.027616 0.145278
0 0.473110 0.251816 0.027616 0.145278
0 0.579942 0.240920 0.027616 0.145278
0 0.603924 0.239709 0.027616 0.145278
0 0.632267 0.248184 0.027616 0.145278
0 0.657703 0.248184 0.027616 0.145278
0 0.683866 0.257869 0.027616 0.145278
0 0.715843 0.257869 0.027616 0.145278
0 0.747093 0.260291 0.027616 0.145278
0 0.770349 0.260291 0.027616 0.145278
0 0.829215 0.263923 0.027616 0.145278
0 0.800145 0.260291 0.027616 0.145278
0 0.914244 0.263923 0.027616 0.145278
0 0.856831 0.261501 0.027616 0.145278
0 0.882994 0.266344 0.027616 0.145278
