0 0.903343 0.241525 0.030523 0.115012
0 0.872093 0.239104 0.030523 0.115012
0 0.848110 0.240315 0.030523 0.115012
0 0.822674 0.237893 0.030523 0.115012
0 0.799419 0.235472 0.030523 0.115012
0 0.768895 0.237893 0.030523 0.115012
0 0.744186 0.236683 0.030523 0.115012
0 0.693314 0.234262 0.030523 0.115012
0 0.669331 0.233051 0.030523 0.115012
0 0.640262 0.231840 0.030523 0.115012
0 0.611192 0.231840 0.030523 0.115012
0 0.582849 0.235472 0.030523 0.115012
0 0.560320 0.234262 0.030523 0.115012
0 0.535610 0.237893 0.030523 0.115012
0 0.507267 0.248789 0.030523 0.115012
0 0.482558 0.246368 0.030523 0.115012
0 0.398256 0.251211 0.030523 0.115012
0 0.454215 0.241525 0.030523 0.115012
0 0.420785 0.248789 0.030523 0.115012
0 0.370640 0.233051 0.030523 0.115012
0 0.346657 0.237893 0.030523 0.115012
0 0.314680 0.247579 0.030523 0.115012
0 0.291424 0.245157 0.030523 0.115012
0 0.262355 0.242736 0.030523 0.115012
0 0.233285 0.242736 0.030523 0.115012
0 0.210756 0.246368 0.030523 0.115012
0 0.180233 0.243947 0.030523 0.115012
0 0.153343 0.245157 0.030523 0.115012
0 0.070494 0.209443 0.040698 0.179177
