0 0.196221 0.231235 0.026163 0.104116
0 0.219477 0.239709 0.026163 0.104116
0 0.251453 0.225182 0.026163 0.104116
0 0.282703 0.236077 0.026163 0.104116
0 0.314680 0.228814 0.026163 0.104116
0 0.346657 0.223971 0.026163 0.104116
0 0.375000 0.219128 0.026163 0.104116
0 0.409157 0.225182 0.026163 0.104116
0 0.437500 0.233656 0.026163 0.104116
0 0.470203 0.226392 0.026163 0.104116
0 0.500727 0.226392 0.026163 0.104116
0 0.529797 0.237288 0.026163 0.104116
0 0.558866 0.237288 0.026163 0.104116
0 0.679506 0.213075 0.026163 0.104116
0 0.710029 0.236077 0.026163 0.104116
0 0.735465 0.238499 0.026163 0.104116
0 0.774709 0.231235 0.026163 0.104116
0 0.806686 0.226392 0.026163 0.104116
0 0.837936 0.236077 0.026163 0.104116
0 0.863372 0.238499 0.026163 0.104116
0 0.904433 0.240920 0.039971 0.104116
0 0.938953 0.240315 0.026163 0.095642
0 0.966570 0.242736 0.026163 0.095642
