0 0.221657 0.221550 0.031977 0.099274
0 0.254360 0.226392 0.031977 0.099274
0 0.284157 0.227603 0.031977 0.099274
0 0.317587 0.217918 0.031977 0.099274
0 0.348110 0.225182 0.031977 0.099274
0 0.380814 0.225182 0.031977 0.099274
0 0.412064 0.220339 0.031977 0.099274
0 0.438953 0.225182 0.031977 0.099274
0 0.475291 0.237288 0.031977 0.099274
0 0.502180 0.223971 0.031977 0.099274
0 0.527616 0.233656 0.031977 0.099274
0 0.559593 0.226392 0.031977 0.099274
0 0.592297 0.233656 0.031977 0.099274
0 0.654070 0.217918 0.031977 0.099274
0 0.683866 0.211864 0.031977 0.099274
0 0.713663 0.231235 0.031977 0.099274
0 0.746366 0.238499 0.031977 0.099274
0 0.779797 0.244552 0.031977 0.099274
0 0.809593 0.233656 0.031977 0.099274
0 0.836483 0.242131 0.031977 0.099274
0 0.869913 0.240920 0.031977 0.099274
0 0.907703 0.240920 0.031977 0.099274
