0 0.231468 0.214286 0.029797 0.113801
0 0.259811 0.225182 0.029797 0.113801
0 0.288881 0.213075 0.029797 0.113801
0 0.317951 0.223971 0.029797 0.113801
0 0.348474 0.226392 0.029797 0.113801
0 0.373910 0.232446 0.029797 0.113801
0 0.403706 0.237288 0.029797 0.113801
0 0.430596 0.236077 0.029797 0.113801
0 0.458939 0.243341 0.029797 0.113801
0 0.482922 0.232446 0.029797 0.113801
0 0.620276 0.217918 0.029797 0.113801
0 0.647166 0.232446 0.029797 0.113801
0 0.674055 0.239709 0.029797 0.113801
0 0.702398 0.223971 0.029797 0.113801
0 0.730015 0.231235 0.029797 0.113801
0 0.762718 0.223971 0.029797 0.113801
0 0.787427 0.240920 0.029797 0.113801
0 0.817951 0.236077 0.029797 0.113801
0 0.932049 0.231235 0.029797 0.113801
0 0.843387 0.228814 0.029797 0.113801
0 0.871003 0.242131 0.029797 0.113801
0 0.902980 0.245763 0.029797 0.113801
