0 0.090843 0.259080 0.078488 0.295400
0 0.169695 0.233051 0.085029 0.131961
0 0.217660 0.242736 0.085029 0.131961
0 0.283067 0.230630 0.085029 0.131961
0 0.341933 0.225787 0.085029 0.131961
0 0.402253 0.228208 0.085029 0.131961
0 0.461119 0.233051 0.085029 0.131961
0 0.531613 0.239104 0.085029 0.131961
0 0.585392 0.242736 0.085029 0.131961
0 0.648619 0.242736 0.085029 0.131961
0 0.708939 0.246368 0.085029 0.131961
0 0.780887 0.251211 0.085029 0.131961
0 0.841933 0.246368 0.085029 0.131961
0 0.897892 0.242736 0.085029 0.131961
0 0.956759 0.240315 0.085029 0.131961
